%YAML:1.0
---
calibration_time: "do 09 nov 2017 19:29:29 CET"
nframes: 136
image_width: 640
image_height: 480
board_width: 10
board_height: 8
square_size: 1.
aspectRatio: 1.
flags: 2
camera_matrix: !!opencv-matrix
   rows: 3
   cols: 3
   dt: d
   data: [ 7.8763118128375913e+02, 0., 2.8494126977672158e+02, 0.,
       7.8763118128375913e+02, 2.5900032420541231e+02, 0., 0., 1. ]
distortion_coefficients: !!opencv-matrix
   rows: 5
   cols: 1
   dt: d
   data: [ -3.7232859684617792e-01, 4.5928482664252823e-01,
       -1.2079639472021542e-03, 5.8237486658882000e-04,
       -6.8730482068819054e-01 ]
avg_reprojection_error: 2.8354597017660699e-01
per_view_reprojection_errors: !!opencv-matrix
   rows: 136
   cols: 1
   dt: f
   data: [ 1.48035854e-01, 1.33843288e-01, 1.85672656e-01,
       2.13652804e-01, 2.26713538e-01, 3.18719953e-01, 1.49221912e-01,
       4.32660818e-01, 4.04526860e-01, 3.45746636e-01, 2.02464521e-01,
       1.79407358e-01, 1.91688523e-01, 1.78797215e-01, 1.94914892e-01,
       2.20779493e-01, 2.40885541e-01, 2.74788707e-01, 2.10275963e-01,
       1.95928097e-01, 2.15106532e-01, 2.13587880e-01, 2.24239945e-01,
       1.84755608e-01, 1.67148188e-01, 1.48526475e-01, 2.19300002e-01,
       2.87528485e-01, 2.90186763e-01, 4.04715538e-01, 4.49936390e-01,
       3.44558507e-01, 2.19685912e-01, 2.34578758e-01, 2.15721935e-01,
       2.03608155e-01, 1.54035807e-01, 1.60747841e-01, 1.42555878e-01,
       1.71955630e-01, 1.78037941e-01, 4.16945666e-01, 4.01629895e-01,
       8.34975064e-01, 1.11042821e+00, 7.79674888e-01, 3.56650203e-01,
       2.45248154e-01, 2.14528427e-01, 2.28049800e-01, 3.32172543e-01,
       3.04701775e-01, 1.65931389e-01, 2.02214092e-01, 2.28350267e-01,
       1.94131583e-01, 2.06436500e-01, 1.36415318e-01, 1.73531935e-01,
       1.14386931e-01, 3.44731063e-01, 4.47452158e-01, 2.35819653e-01,
       1.08245641e-01, 1.70691758e-01, 1.42950162e-01, 1.45963460e-01,
       1.77320316e-01, 2.28839815e-01, 2.45223001e-01, 2.23706543e-01,
       1.63762331e-01, 1.84565052e-01, 2.53580183e-01, 2.39272565e-01,
       2.45056719e-01, 1.53980061e-01, 1.94888115e-01, 2.06051290e-01,
       1.81161851e-01, 2.58719265e-01, 3.31784666e-01, 4.26298261e-01,
       4.33122188e-01, 2.52504826e-01, 1.51475638e-01, 1.68780625e-01,
       1.80847347e-01, 1.61778539e-01, 1.87941015e-01, 2.65045166e-01,
       4.02346075e-01, 3.66053104e-01, 1.98266119e-01, 2.13538945e-01,
       3.46975058e-01, 3.14010620e-01, 2.47324601e-01, 1.72694176e-01,
       1.34721473e-01, 1.14881024e-01, 1.20533824e-01, 2.50207335e-01,
       2.96688378e-01, 3.98637950e-01, 1.89038590e-01, 4.64934319e-01,
       4.93909061e-01, 1.52446896e-01, 1.80358812e-01, 1.75732061e-01,
       1.49064586e-01, 1.39829844e-01, 1.47157535e-01, 9.93696079e-02,
       1.05456844e-01, 1.22907050e-01, 1.22420371e-01, 1.86988100e-01,
       1.57243684e-01, 3.01672637e-01, 2.08176538e-01, 8.01372409e-01,
       2.12019935e-01, 1.41646355e-01, 2.17788935e-01, 2.05885917e-01,
       2.13985354e-01, 2.29516521e-01, 1.37584165e-01, 1.63229749e-01,
       1.10731356e-01, 1.29077047e-01, 1.20694064e-01, 1.10755779e-01,
       2.44721994e-01 ]
extrinsic_parameters: !!opencv-matrix
   rows: 136
   cols: 6
   dt: d
   data: [ 3.8235376851362884e-02, 2.3648927179120061e-01,
       -1.2596534835045808e-01, -8.8335700271685020e+00,
       -7.2270841808643427e+00, 2.7980679268766746e+01,
       1.1202299536722429e-01, 2.8345205380456390e-01,
       5.8819123177504838e-02, -8.2802986326022872e+00,
       -8.2972015109373256e+00, 2.7858409539771525e+01,
       1.2577503689367789e-01, 2.8957233159218126e-01,
       3.9668115449476384e-02, -8.3505711245521734e+00,
       -8.7068389708783052e+00, 2.8052841294638700e+01,
       1.2433280739294912e-01, 3.1170864096693401e-01,
       5.6196913676865606e-02, -8.3163412620375556e+00,
       -7.4799204700903390e+00, 2.8123787993481432e+01,
       1.2345291172165183e-01, 2.9593154553259987e-01,
       7.0325494989101150e-02, -8.2372027159231767e+00,
       -7.2966421811332207e+00, 2.8007296264549222e+01,
       1.1755965478483672e-01, 3.5680362162081292e-01,
       8.2535475191231888e-02, -8.0587064591889526e+00,
       -7.4030716783170121e+00, 2.8321853696343890e+01,
       7.2320642256616635e-02, 5.4281216923714171e-01,
       5.4942148317319625e-02, -7.7403734740807932e+00,
       -7.2784281547576741e+00, 2.9181364812504377e+01,
       6.3915092349005762e-02, 6.2320138881627307e-01,
       9.0956330555045387e-02, -7.4478520781927013e+00,
       -7.4754482870192813e+00, 2.9246186900595735e+01,
       4.5977851100723000e-02, 7.2490438909298560e-01,
       7.5410378240569467e-02, -7.1737822318752382e+00,
       -7.4251414295909219e+00, 2.9700213581663878e+01,
       9.2632868667790483e-02, 4.9137736448642505e-01,
       7.9889478628199950e-02, -7.7145941046623223e+00,
       -7.4048518327917838e+00, 2.8863770528630504e+01,
       1.5118159212907264e-01, 1.5986351652694339e-01,
       6.3180521984947419e-02, -7.8597018307811188e+00,
       -7.0816545338082380e+00, 2.6989151902224368e+01,
       1.5549818986843519e-01, -1.3587995255328987e-02,
       4.6013334340695454e-02, -8.5795542180852813e+00,
       -6.7312684107053720e+00, 2.6082285193638409e+01,
       1.3435050057767978e-01, 5.5072123387788149e-02,
       6.5840686237431098e-02, -7.7175657691014354e+00,
       -6.7285522180534301e+00, 2.6259663239574273e+01,
       1.7793412834511638e-01, -3.3414266639915396e-02,
       1.1666638888438034e-01, -6.9392441548585371e+00,
       -6.8390360961259296e+00, 2.5330078836137432e+01,
       1.6874571321683612e-01, -1.2018563259443998e-01,
       1.2041987384375236e-01, -7.0464242604429410e+00,
       -6.8942684646621775e+00, 2.5036494402401804e+01,
       1.7700453203519667e-01, -1.6735975404332398e-01,
       1.1512893416464433e-01, -7.0088557347032294e+00,
       -6.7119082452877370e+00, 2.4866263911874722e+01,
       1.7836300901764046e-01, -2.1547525900141087e-01,
       1.0977095083406717e-01, -6.7063446679879162e+00,
       -6.6596318914215953e+00, 2.4561186293576320e+01,
       1.6796227990432383e-01, -2.3238248271532827e-01,
       1.1976718072626619e-01, -6.4102553019608273e+00,
       -6.6924724940404028e+00, 2.4342312102246908e+01,
       1.7113967563834295e-01, -1.4022383343102857e-01,
       1.0324173881914042e-01, -6.6030967939022585e+00,
       -6.6205768737280843e+00, 2.4946666953480669e+01,
       1.0111129588869226e-01, 1.6303974215641390e-01,
       5.2855179444086402e-02, -7.4953965281893034e+00,
       -6.6815991004399029e+00, 2.7068548223188905e+01,
       -1.6107440198505607e-01, 2.3114923200645790e-01,
       6.8525421133214554e-02, -7.5907542259741954e+00,
       -6.6285928645514760e+00, 2.8238149291029448e+01,
       -2.9653862050034674e-01, 2.7289645373699467e-01,
       8.5142097167772268e-02, -7.4204009372786883e+00,
       -6.3335627774219647e+00, 2.8868560523089005e+01,
       -3.5554478266509792e-01, 2.9148502683211747e-01,
       1.1544003999095293e-01, -7.0875029123033837e+00,
       -6.4987422254798544e+00, 2.8837873217851435e+01,
       -3.3773692716796333e-01, 2.8768100739754321e-01,
       9.8677620823460876e-02, -7.0124964390482241e+00,
       -6.6420508333754382e+00, 2.8669259459970817e+01,
       -7.3563990723878439e-02, 2.9309151641825243e-01,
       5.6240277225568243e-02, -7.0392607940103931e+00,
       -7.1838430938911273e+00, 2.8303612228785397e+01,
       1.3647643397094769e-01, 2.5405331624452115e-01,
       3.0671214002812808e-02, -7.1537828365001879e+00,
       -6.7754443349516320e+00, 2.8013784083556889e+01,
       3.8889980801395890e-01, 2.6306365650041774e-01,
       1.3861847431834431e-02, -7.4642046532137734e+00,
       -6.5127547606710188e+00, 2.6728598119730190e+01,
       5.7345383407539874e-01, 2.7803438541550468e-01,
       -2.7050950529462266e-02, -7.7939561109611963e+00,
       -5.9463071451931615e+00, 2.5767867817356255e+01,
       5.6406411579480842e-01, 3.0118242932981404e-01,
