%YAML:1.0
---
calibration_time: "do 17 aug 2017 19:35:20 CEST"
nframes: 58
image_width: 640
image_height: 480
board_width: 10
board_height: 8
square_size: 1.
aspectRatio: 1.
flags: 2
camera_matrix: !!opencv-matrix
   rows: 3
   cols: 3
   dt: d
   data: [ 7.7704291945905902e+02, 0., 3.2289227278435698e+02, 0.,
       7.7704291945905902e+02, 2.4532433502759440e+02, 0., 0., 1. ]
distortion_coefficients: !!opencv-matrix
   rows: 5
   cols: 1
   dt: d
   data: [ -3.4107257573645061e-01, 7.5878402419918195e-02,
       -1.0532255010800016e-03, -4.8400306392708098e-05,
       6.7421982837706651e-01 ]
avg_reprojection_error: 1.7195189611432571e-01
per_view_reprojection_errors: !!opencv-matrix
   rows: 58
   cols: 1
   dt: f
   data: [ 1.71347588e-01, 1.89634025e-01, 1.51653141e-01,
       2.78780609e-01, 1.77516490e-01, 1.39499784e-01, 2.02812389e-01,
       1.66110724e-01, 1.64988488e-01, 1.51723623e-01, 1.45137027e-01,
       1.49781927e-01, 1.62045553e-01, 1.67362452e-01, 1.51548982e-01,
       1.37863845e-01, 1.27980068e-01, 1.39650404e-01, 1.63942888e-01,
       1.52887985e-01, 1.53520793e-01, 1.40809238e-01, 1.46705821e-01,
       1.55837789e-01, 1.40602157e-01, 1.49715975e-01, 1.43122330e-01,
       1.53272554e-01, 1.78027257e-01, 1.55698717e-01, 1.58568799e-01,
       1.45086750e-01, 1.40661553e-01, 1.60539374e-01, 1.53219551e-01,
       1.43719360e-01, 1.58451483e-01, 1.59158751e-01, 1.51195809e-01,
       9.22471136e-02, 1.04465611e-01, 8.88606310e-02, 8.13810602e-02,
       9.09422264e-02, 1.00227647e-01, 1.01071283e-01, 1.71012133e-01,
       1.28234327e-01, 1.50862753e-01, 1.54717773e-01, 1.75179109e-01,
       1.92157924e-01, 1.75601900e-01, 5.86797714e-01, 1.74652249e-01,
       1.72909066e-01, 1.64345920e-01, 1.65912449e-01 ]
extrinsic_parameters: !!opencv-matrix
   rows: 58
   cols: 6
   dt: d
   data: [ -2.4572437264352563e-02, -2.5207540805716172e-01,
       -2.0851605439254385e-02, 2.6550461031950318e-01,
       -5.7902421531217598e+00, 2.4524203660842574e+01,
       -1.3759780719492590e-02, -2.6188737528465905e-01,
       -9.3389789804467827e-02, -2.2197017273456643e+00,
       -5.4887639340558172e+00, 2.4219607500351760e+01,
       8.3648747128542145e-03, -2.8296822323219639e-01,
       -4.7175940032086430e-02, -6.2226332229416936e-01,
       -5.8792935392652721e+00, 2.4256245903083059e+01,
       1.3537378881583328e-01, -4.2635504683179737e-01,
       -2.3311218057386614e-02, 5.1757490357477443e-01,
       -5.5367348630351767e+00, 2.2841858023021757e+01,
       -1.1847247541026770e-01, -1.7927519092313698e-01,
       -4.0758310053875126e-02, -2.6757129899875713e-02,
       -5.4247447145003651e+00, 2.5401449340373585e+01,
       -4.1553475650967238e-02, -2.0996473101229274e-01,
       -2.2033230966337348e-02, 1.4832792130211581e-01,
       -5.4212994562480707e+00, 2.4930670873538155e+01,
       1.8818408225373037e-01, -2.6259535081786473e-01,
       -4.4631620307693624e-03, 3.9757195444664489e-01,
       -5.2953901374520056e+00, 2.3940583770267907e+01,
       -1.6406079125098835e-01, -1.6366879730288458e-01,
       -4.8350211282358641e-02, -1.1899221511764078e-01,
       -5.0420147000805571e+00, 2.5980939452838989e+01,
       -3.7813429922735300e-02, -2.2893829141024652e-01,
       2.7932997212192927e-02, 8.5893239962329437e-01,
       -2.6900798733929179e+00, 2.5239188801433937e+01,
       -8.0206685463419969e-02, -2.3990667646576913e-01,
       7.4391622120215564e-02, -5.8394037448526936e-01,
       -1.7804533108936518e+00, 2.5016435127873780e+01,
       -1.9246379759272114e-01, -2.1342039718748854e-01,
       7.4661709010197932e-02, -2.2188175784372657e-01,
       -1.4747940531960340e+00, 2.6138943276258633e+01,
       -2.2181557730214191e-01, -2.2106305291463002e-01,
       6.8416578866709085e-02, 1.7110688750770087e-01,
       -1.3862879592893731e+00, 2.6102536111737802e+01,
       5.9469381891936846e-02, -3.0684184255997166e-01,
       8.7928441523784401e-02, 5.1216261927067031e-01,
       -1.6661380327311701e+00, 2.4320726962076279e+01,
       -2.9676933745212980e-01, -1.6576664801824151e-01,
       4.5596959176552709e-02, -2.5383207823625725e-01,
       -1.3661390086344449e+00, 2.6950172378902543e+01,
       -7.7366170588313354e-02, -2.4124762538593139e-01,
       5.9397806339937007e-02, -1.7094748697798650e+00,
       -1.7162504324921977e+00, 2.4672345703710722e+01,
       -5.8155605346836427e-02, -3.2197117294270888e-01,
       -3.4784506912665859e-02, -4.8220936070580862e+00,
       -1.4188383659673969e+00, 2.3300999674399698e+01,
       -1.2911114659481979e-01, -2.6577531821473788e-01,
       -1.2797537531135262e-02, -6.3958331887125119e+00,
       -1.4452368655114256e+00, 2.3720332469578469e+01,
       -7.5024109037269429e-02, -3.1860311139001984e-01,
       -6.1339119940118630e-03, -6.4930045915448868e+00,
       -1.2842809177156518e+00, 2.3078592379827381e+01,
       -2.0178999848964624e-01, -3.3201911115865368e-01,
       -9.3097726524104807e-03, -6.5482887877593194e+00,
       -1.4256977261995742e+00, 2.3208605567057578e+01,
       -2.6611105394682033e-01, -3.0701575264567288e-01,
       9.7604583208309673e-03, -6.1170664002432451e+00,
       -1.6917864379965710e+00, 2.2767113364368761e+01,
       3.2087719449393363e-02, -3.8243025162333877e-01,
       4.8154087076598628e-02, -5.4746077269961102e+00,
       -2.0065601593506450e+00, 2.1203216063518276e+01,
       -2.4212649396544014e-01, -3.0209694255277503e-01,
       -4.8041211607819732e-02, -6.0908019311274764e+00,
       -2.3185808402949877e+00, 2.2316358747892220e+01,
       -8.6949445118259361e-02, -3.1307722826972040e-01,
       -5.9267222910185768e-02, -6.1144891861745316e+00,
       -2.1736699615286059e+00, 2.2003725205993064e+01,
       7.5619218995618531e-03, -3.2370671231202675e-01,
       -6.0157986885097020e-02, -5.9801194924324781e+00,
       -1.9652986133889168e+00, 2.1600952850958169e+01,
       -1.3480019826751385e-01, -2.8913414892526412e-01,
       -5.7744844493382151e-02, -6.0773475708748128e+00,
       -2.7743749756685170e+00, 2.2311212018370931e+01,
       -4.2149208554267299e-02, -3.2586533666479844e-01,
       -8.9491312477992385e-02, -6.3420503609290568e+00,
       -4.8873419177827433e+00, 2.1694281597065736e+01,
       -7.5734267019803000e-02, -3.0732554034644755e-01,
       -3.1862929531417346e-02, -6.3526249562407608e+00,
       -4.8027212354427995e+00, 2.2144727943581568e+01,
       -3.6367176086619844e-02, -3.4729543054999168e-01,
       -3.6550279254894021e-02, -6.2794913713843030e+00,
       -4.8838755618393561e+00, 2.1904577295816619e+01,
       -2.4219841113006427e-01, -2.5057764224288370e-01,
       -6.3292447291691339e-02, -6.7023802531934393e+00,
       -4.7479286672705845e+00, 2.3538177210306927e+01,
       -6.9073235575405262e-02, -3.1433489522565183e-01,
       -1.2417470075093029e-03, -6.7220313549658917e+00,
       -5.0591384852412391e+00, 2.1892662963490174e+01,
       7.9678528290136386e-02, -3.8178557916506134e-01,
       3.5320183665664136e-03, -6.1668155737443087e+00,
       -4.9580653675033863e+00, 2.0902551022591485e+01,
       -9.8569696092087170e-02, -2.9315220924502172e-01,
       -5.6346714508837242e-02, -5.9321897658505787e+00,
       -4.4726808127874547e+00, 2.2512002051315623e+01,
       -9.3849128099170676e-02, -2.8154843537200314e-01,
       2.1166750281255454e-02, -2.9453324381510790e+00,
       -4.4163920779639740e+00, 2.3808468252212474e+01,
       -6.2405875615147210e-02, -3.4793343271425836e-01,
       1.0958887021946435e-02, -2.4616303964790052e+00,
       -3.8473496584461295e+00, 2.6086089053516591e+01,
       -1.4353406644847136e-01, -4.2305887645225759e-01,
       3.1817699311868307e-02, -2.2796154310261820e+00,
       -3.9698022951074390e+00, 2.8775995461183232e+01,
       -9.4356531795818016e-02, -2.7955128978960608e-01,
       4.4184211856891711e-02, -1.4498238003278308e+00,
       -4.2006282049921895e+00, 2.3924190749461726e+01,
       -8.1228975049136370e-02, -1.4584955095932672e-01,
