%YAML:1.0
---
calibration_time: "zo 12 nov 2017 17:48:05 CET"
nframes: 214
image_width: 640
image_height: 480
board_width: 10
board_height: 8
square_size: 1.
aspectRatio: 1.
flags: 2
camera_matrix: !!opencv-matrix
   rows: 3
   cols: 3
   dt: d
   data: [ 7.9403349017784535e+02, 0., 3.4993150309671375e+02, 0.,
       7.9403349017784535e+02, 2.3102565369752784e+02, 0., 0., 1. ]
distortion_coefficients: !!opencv-matrix
   rows: 5
   cols: 1
   dt: d
   data: [ -3.6596678273085004e-01, 2.9371700477638074e-01,
       1.5157758258081508e-03, -1.8716058845515931e-03,
       -4.3921178160913238e-01 ]
avg_reprojection_error: 3.6046633537930889e-01
per_view_reprojection_errors: !!opencv-matrix
   rows: 214
   cols: 1
   dt: f
   data: [ 1.58015952e-01, 2.52125114e-01, 2.39015296e-01,
       1.54534116e-01, 1.39884070e-01, 1.57482907e-01, 1.23695523e-01,
       1.69852972e-01, 1.71703666e-01, 1.61783442e-01, 1.70837730e-01,
       2.00911507e-01, 2.01012477e-01, 1.82643145e-01, 2.16670811e-01,
       1.91707462e-01, 2.33161494e-01, 2.24914744e-01, 2.20737010e-01,
       2.26954311e-01, 1.84685633e-01, 1.86682418e-01, 1.73850030e-01,
       2.46305108e-01, 2.08698601e-01, 2.45215327e-01, 2.43460596e-01,
       2.03203171e-01, 1.62652403e-01, 2.77750552e-01, 2.55363405e-01,
       2.47167841e-01, 1.60352364e-01, 1.74669683e-01, 1.56532064e-01,
       1.65701911e-01, 1.47641093e-01, 1.55310377e-01, 1.51845992e-01,
       1.35208234e-01, 1.08588025e-01, 1.29590243e-01, 1.34687483e-01,
       1.61098525e-01, 2.61662811e-01, 2.24378437e-01, 1.33684605e-01,
       1.48211226e-01, 1.51531443e-01, 1.67445228e-01, 1.33475929e-01,
       1.38764814e-01, 1.71294987e-01, 1.62493438e-01, 1.63720325e-01,
       1.12282343e-01, 1.49482474e-01, 1.48371875e-01, 1.49667755e-01,
       1.79822445e-01, 2.30600432e-01, 1.98535964e-01, 1.56908453e-01,
       1.93032131e-01, 2.69218624e-01, 1.67733699e-01, 1.72468856e-01,
       1.83078662e-01, 1.58386096e-01, 2.15688512e-01, 1.80381835e-01,
       1.62011743e-01, 1.50113404e-01, 1.72780633e-01, 1.48432568e-01,
       1.67868316e-01, 2.16425866e-01, 1.53366700e-01, 1.80772245e-01,
       1.65745556e-01, 1.89692855e-01, 1.46864876e-01, 1.50946766e-01,
       1.50188714e-01, 1.53894767e-01, 1.58436224e-01, 1.51979804e-01,
       1.23623796e-01, 1.28321871e-01, 1.15468308e-01, 1.55777454e-01,
       1.81898564e-01, 1.86052725e-01, 1.91979378e-01, 2.06518501e-01,
       1.51152685e-01, 1.69369593e-01, 1.51496932e-01, 1.79222777e-01,
       1.69954047e-01, 1.51103020e-01, 2.15975448e-01, 3.40498596e-01,
       1.95736930e-01, 1.49688169e-01, 1.55922145e-01, 1.60702050e-01,
       1.67880490e-01, 2.22543448e-01, 1.87660247e-01, 2.14468896e-01,
       1.85431227e-01, 2.58702964e-01, 1.93267286e-01, 1.33035347e-01,
       1.22547314e-01, 1.98076770e-01, 1.97123349e-01, 1.63147688e-01,
       1.45930946e-01, 1.43307924e-01, 1.87087774e-01, 3.08830357e+00,
       1.50264248e-01, 1.38189480e-01, 1.15838706e-01, 1.07030809e-01,
       1.56967759e-01, 1.87843472e-01, 1.35844600e+00, 1.95086777e-01,
       1.53210014e-01, 1.04609430e-01, 1.51883021e-01, 1.16860710e-01,
       2.10423484e-01, 2.62257546e-01, 2.02083349e-01, 2.32074574e-01,
       1.76488996e-01, 1.89316034e-01, 5.82517564e-01, 2.97358334e-01,
       1.61456808e-01, 1.45299420e-01, 1.67748541e-01, 1.25507802e-01,
       1.57444730e-01, 1.63470045e-01, 1.40563175e-01, 1.45425752e-01,
       1.80491641e-01, 2.53848672e-01, 1.91045493e-01, 1.93784460e-01,
       2.13470533e-01, 1.64735734e-01, 2.46142581e-01, 2.10829467e-01,
       2.21052513e-01, 2.32077420e-01, 1.59152329e-01, 1.51352704e-01,
       1.68791622e-01, 1.75985426e-01, 1.68353632e-01, 2.11095557e-01,
       2.78437281e+00, 4.15102869e-01, 1.48084298e-01, 1.62016094e-01,
       1.75940633e-01, 1.62169516e-01, 1.53604984e-01, 1.67879313e-01,
       4.91565943e-01, 1.44139618e-01, 1.64865345e-01, 1.59904927e-01,
       1.31819293e-01, 1.48109406e-01, 1.87489212e-01, 1.46930709e-01,
       1.46822348e-01, 1.54083505e-01, 1.54980928e-01, 1.73686579e-01,
       1.65454060e-01, 1.41456276e-01, 1.47894442e-01, 1.46933004e-01,
       1.82200253e-01, 1.20258808e-01, 2.07683504e-01, 1.87357277e-01,
       1.72432393e-01, 1.65749982e-01, 1.45059869e-01, 1.02890730e-01,
       1.94465548e-01, 1.23158514e-01, 1.05902433e-01, 1.63695842e-01,
       1.06601596e-01, 1.28252104e-01, 9.00935084e-02, 1.10500388e-01,
       1.90212056e-01, 1.58785194e-01, 1.56757429e-01, 1.40307486e-01,
       1.17393422e+00, 2.39436343e-01, 1.57881990e-01 ]
