%YAML:1.0
---
calibration_time: "do 28 sep 2017 12:23:11 CEST"
nframes: 80
image_width: 640
image_height: 480
board_width: 10
board_height: 8
square_size: 1.
aspectRatio: 1.
flags: 2
camera_matrix: !!opencv-matrix
   rows: 3
   cols: 3
   dt: d
   data: [ 7.9083265414459004e+02, 0., 2.9028167124983798e+02, 0.,
       7.9083265414459004e+02, 2.4564424855973334e+02, 0., 0., 1. ]
distortion_coefficients: !!opencv-matrix
   rows: 5
   cols: 1
   dt: d
   data: [ -3.2964588633371339e-01, -8.9695134259136083e-02,
       -1.5501845020958291e-03, 2.5682374288262711e-03,
       8.2929006620710333e-01 ]
avg_reprojection_error: 1.5116834141120908e-01
per_view_reprojection_errors: !!opencv-matrix
   rows: 80
   cols: 1
   dt: f
   data: [ 1.73778877e-01, 1.80175319e-01, 1.92324325e-01,
       1.96759641e-01, 1.48696899e-01, 1.70123577e-01, 1.47155672e-01,
       1.54472753e-01, 1.56629115e-01, 1.46778554e-01, 1.49879456e-01,
       1.69122577e-01, 1.48584217e-01, 1.56206325e-01, 1.32691339e-01,
       1.50434658e-01, 1.33611336e-01, 1.23840988e-01, 1.41995654e-01,
       1.19868807e-01, 1.38649181e-01, 1.31966650e-01, 1.42606691e-01,
       1.30050063e-01, 1.39477864e-01, 1.63569912e-01, 1.71506703e-01,
       1.74450830e-01, 1.94217205e-01, 2.14269906e-01, 1.31479040e-01,
       1.53221369e-01, 1.58900142e-01, 1.37133792e-01, 1.51451230e-01,
       1.27607465e-01, 1.35250613e-01, 1.46743834e-01, 1.41104475e-01,
       1.16350196e-01, 1.25046611e-01, 1.35075480e-01, 1.68287605e-01,
       1.43451512e-01, 1.43590897e-01, 1.27732471e-01, 1.35865733e-01,
       1.40777051e-01, 1.32546648e-01, 1.27086505e-01, 1.43766120e-01,
       1.42734274e-01, 1.24081150e-01, 1.51895091e-01, 1.33970007e-01,
       1.61477745e-01, 1.66014373e-01, 1.59467235e-01, 1.57333136e-01,
       1.50874019e-01, 1.62539616e-01, 1.60705388e-01, 1.53408557e-01,
       1.65275082e-01, 1.34070277e-01, 1.23373829e-01, 1.41294867e-01,
       1.60022900e-01, 1.35346323e-01, 1.74659133e-01, 1.49509892e-01,
       1.61105931e-01, 1.47712052e-01, 1.63624004e-01, 1.78549677e-01,
       1.49882615e-01, 1.44940242e-01, 1.65086567e-01, 1.41089365e-01,
       1.22038364e-01 ]
extrinsic_parameters: !!opencv-matrix
   rows: 80
   cols: 6
   dt: d
   data: [ -3.5039787879394983e-02, 1.3812503775845411e-01,
       6.9631968035446287e-02, -1.1442609060304370e+01,
       5.3969497140958123e-01, 3.2346408016645093e+01,
       -2.4443595428250997e-03, 1.5855114280220178e-01,
       9.7582739172153682e-02, -9.9560315804949067e+00,
       -1.4156460728932103e+00, 3.1640950658395315e+01,
       -7.8879727728884477e-03, 1.3571929356627652e-01,
       1.0565801540049245e-01, -8.8578780912425525e+00,
       -1.9586536413400466e+00, 3.1027207124026496e+01,
       -3.4724674731895597e-02, 1.4671305145042332e-01,
       6.4894405903385466e-02, -7.5888598066743871e+00,
       -2.1662450968551785e+00, 3.0517056876823847e+01,
       -2.8420137281801247e-02, 1.5862695808418967e-01,
       3.4682614056836328e-02, -7.1057292895927473e+00,
       -2.2546486460061619e+00, 3.0401143249984493e+01,
       -2.2820952712650579e-02, 1.8794438653626569e-01,
       5.8114141523299800e-02, -6.9764253731272143e+00,
       -2.3970449735645278e+00, 3.0503129762960622e+01,
       -1.4140372526152822e-01, 2.2355561541442828e-01,
       8.3262562416794028e-02, -6.8516594752206705e+00,
       -2.4834719525767346e+00, 3.1177882321852792e+01,
       -1.5963307833502838e-01, 1.9833881448120069e-01,
       9.4540639106968874e-02, -7.2581740722144694e+00,
       -2.3636489074470770e+00, 3.1216041143808919e+01,
       2.4211547473430067e-01, 2.0661702044995656e-01,
       5.1306556597117102e-02, -7.9192685134214926e+00,
       -2.4507374038498178e+00, 2.9290521696249442e+01,
       -8.1908431877250429e-02, 2.1341844781932617e-01,
       9.6070171454197245e-02, -7.4730733461847265e+00,
       -2.8377072656516362e+00, 3.0421377301932480e+01,
       -7.1776967658591137e-02, 3.3588009031402688e-01,
       6.5404769296747600e-02, -8.3894473791573105e+00,
       -3.3411795850005626e+00, 3.0577384983587205e+01,
       -8.7206700075146457e-02, 3.3389733373736530e-01,
       9.1329902901404081e-02, -8.9190703950915378e+00,
       -3.0314790493599948e+00, 3.0154651880717925e+01,
       -2.7029162994887081e-02, 2.7701057086847058e-01,
       1.0263649987593994e-01, -7.6713128486510103e+00,
       -2.5525608063273761e+00, 2.9256648946820032e+01,
       -6.4274406842243607e-03, 2.7466015830980406e-01,
       7.8351484281632702e-02, -7.1466990688476359e+00,
       -2.1970060393861046e+00, 2.8909499201288043e+01,
       -1.1075444677958525e-02, 3.5841511762004219e-01,
       1.0724417841338138e-01, -7.0086635130810544e+00,
       -1.6308799844042945e+00, 2.8335683301281904e+01,
       -7.2608870460676616e-03, 3.6115292040676655e-01,
       1.3149593702197671e-01, -7.2220963800307318e+00,
       -1.8697941723184139e+00, 2.8114454484302648e+01,
       1.2107779272891458e-02, 3.3973256835342636e-01,
       -7.4675729477952438e-02, -8.5875050059657720e+00,
       -1.1033256557342832e+00, 2.8924712297736296e+01,
       1.6011627944462387e-02, 3.6599067864031182e-01,
       -7.4577348603112506e-02, -8.5791119589172595e+00,
       -6.4539114436296963e-01, 2.8872389189484743e+01,
       -1.1306787204246094e-01, 3.8448357947632755e-01,
       5.4828571009459858e-03, -8.2404051339683164e+00,
       -4.9370008105998653e-01, 2.9820632337901330e+01,
       9.8685901615596039e-02, 3.0952690632921481e-01,
       -1.5915528411069052e-02, -8.9593734429785901e+00,
       -7.3000832776056623e-01, 2.8528112121224815e+01,
       2.9874879513843582e-02, 3.7350092071245278e-01,
       1.1317868346143884e-02, -8.7415447173515339e+00,
       -9.4113927253815743e-01, 2.8910147767052162e+01,
       -1.6365409601453190e-02, 2.4918341443985600e-01,
       1.7016624354031427e-02, -8.4637710344346928e+00,
       -1.2060534822838980e+00, 2.8925042292259150e+01,
       -5.3361979137905493e-03, 3.8241827125151090e-01,
       -2.4765891308876790e-02, -8.3363655288199272e+00,
       -1.3225094700235704e+00, 2.8822477744700297e+01,
       3.1058954463332252e-03, 3.4485534162379916e-01,
       3.1333085152560947e-02, -7.2553357160514347e+00,
       -2.0934828143821811e+00, 2.8309768908300288e+01,
       -2.1888402607076495e-03, 3.4254789597769719e-01,
       5.7236067769220751e-02, -7.9383510470973286e+00,
       -3.8255220879488787e+00, 2.8836654604807503e+01,
       9.0460862478629975e-03, 3.5340194264776331e-01,
       5.2340720538381236e-02, -8.6831512781902767e+00,
       -5.0370348558345688e+00, 2.9391133251995171e+01,
       1.6391080118810918e-02, 3.5043447373495118e-01,
       4.4663786658880739e-02, -8.8288140570808160e+00,
       -5.9121828365481202e+00, 2.9651062328428040e+01,
       3.9874690628751784e-02, 3.4610656368636217e-01,
       2.3013435075987985e-02, -8.9463747385305776e+00,
       -6.1655190671674331e+00, 2.9633331614428400e+01,
       1.1550236808271640e-01, 3.5791266065983757e-01,
       -2.7875701151031883e-03, -9.2459836932785127e+00,
       -6.0886706782170696e+00, 2.9275961156759060e+01,
       2.8114925824806114e-01, 3.8217013424569790e-01,
       -2.2982526074229331e-02, -9.3512973579495835e+00,
       -5.8322949066837060e+00, 2.9240657582839450e+01,
       9.0055674768566102e-02, 3.4154934087731414e-01,
       3.1642894143913851e-02, -8.8943794072240685e+00,
       -5.8599247935115786e+00, 2.9658126441416183e+01,
       -1.2300814809018901e-01, 3.3683760202145013e-01,
       7.7748444563377511e-02, -8.4545136130978431e+00,
       -5.6889848057584933e+00, 3.0327508267054107e+01,
       -1.2721935313287561e-01, 3.5261043388190416e-01,
       7.1490441348795175e-02, -8.5622251791183253e+00,
       -5.5705372745889159e+00, 3.0064206356052512e+01,
       6.2706255699445407e-02, 3.3562578496273104e-01,
       3.5400165490263279e-02, -8.9756127916318995e+00,
       -5.5631961250546258e+00, 2.9259695183184370e+01,
       2.0728312078331315e-01, 3.3737922635742790e-01,
