%YAML:1.0
---
calibration_time: "di 01 aug 2017 15:56:35 CEST"
nframes: 67
image_width: 640
image_height: 480
board_width: 10
board_height: 8
square_size: 1.
aspectRatio: 1.
flags: 2
camera_matrix: !!opencv-matrix
   rows: 3
   cols: 3
   dt: d
   data: [ 7.8120869321183147e+02, 0., 3.3408789303829701e+02, 0.,
       7.8120869321183147e+02, 2.2207840200724598e+02, 0., 0., 1. ]
distortion_coefficients: !!opencv-matrix
   rows: 5
   cols: 1
   dt: d
   data: [ -3.4819823901453939e-01, 1.2445666365813146e-01,
       1.0168765281600429e-03, -1.2649228879193402e-03,
       3.9801754203423328e-02 ]
avg_reprojection_error: 4.6400772959437064e-01
per_view_reprojection_errors: !!opencv-matrix
   rows: 67
   cols: 1
   dt: f
   data: [ 8.29282165e-01, 3.60799223e-01, 3.08655590e-01,
       3.00109953e-01, 3.61567080e-01, 2.89068937e-01, 3.38180512e-01,
       3.99202317e-01, 3.00919437e+00, 2.56601959e-01, 2.66647309e-01,
       2.31139466e-01, 2.97827691e-01, 2.12492451e-01, 3.14507902e-01,
       2.75680482e-01, 2.71876723e-01, 3.64955395e-01, 4.04008269e-01,
       3.39740217e-01, 1.95660338e-01, 2.32999861e-01, 2.82640964e-01,
       3.64711672e-01, 2.52389759e-01, 2.04898477e-01, 2.28432462e-01,
       1.81061253e-01, 1.41673356e-01, 1.96310773e-01, 4.06306833e-01,
       2.64916986e-01, 2.52609581e-01, 2.63272554e-01, 2.55298853e-01,
       2.36115441e-01, 3.80394310e-01, 2.58958012e-01, 2.42571086e-01,
       2.67883599e-01, 2.88851678e-01, 2.15691030e-01, 2.53577381e-01,
       2.92650819e-01, 2.80273199e-01, 2.71693707e-01, 2.90953517e-01,
       3.14791560e-01, 2.27405265e-01, 2.11304441e-01, 2.61228681e-01,
       2.08479881e-01, 2.28551000e-01, 1.97607309e-01, 2.28634462e-01,
       2.17554867e-01, 1.89382359e-01, 2.35939011e-01, 1.80305168e-01,
       2.08424091e-01, 1.95035413e-01, 2.09384993e-01, 2.12921023e-01,
       2.07103565e-01, 2.26125211e-01, 2.38536149e-01, 2.16599941e-01 ]
extrinsic_parameters: !!opencv-matrix
   rows: 67
   cols: 6
   dt: d
   data: [ 2.9581884095298872e-02, -1.0553320848584349e+00,
       -3.3806599265283080e-02, -2.3025079911662676e+00,
       -1.8951350265707254e+00, 1.6697100102269111e+01,
       1.4805186934982459e-02, -8.9971951490378743e-01,
       4.5421453747190518e-03, -3.6693758344405545e+00,
       -2.1728398172405088e+00, 1.6941278432816720e+01,
       2.1607165474677109e-04, -8.7098930781256001e-01,
       -1.1447056958830406e-02, -6.7099828132957438e+00,
       -7.1545969772988022e-02, 2.0857768726668258e+01,
       -1.9264890811622484e-01, -8.7890669932684162e-01,
       -3.0553134194848247e-01, -8.0120755927379257e+00,
       -2.6627430444889999e-01, 1.8820257492521492e+01,
       -1.9351116299927709e-01, -9.5719480321748862e-01,
       -2.2215565924935446e-01, -6.6158211694322127e+00,
       -1.4882175218047518e+00, 1.7806257325364225e+01,
       -2.4052177658976839e-01, -8.0200253076081818e-01,
       -1.6443435823765470e-01, -7.4928006436094403e+00,
       -1.6493172916105028e+00, 1.8106004043321995e+01,
       -2.9027881631509073e-01, -7.7270537701811726e-01,
       -1.9414288934916699e-01, -5.8235914213259408e+00,
       -3.3747092400297007e+00, 1.7284284959258649e+01,
       -3.3667803663090418e-01, -8.7427543505937877e-01,
       -1.8860585100546051e-01, -3.9711507726681368e+00,
       -3.4845742067273058e+00, 1.7994915874561833e+01,
       -3.7591672739495247e-01, -1.0199660773160086e+00,
       -1.9186118180910608e-01, -3.3668787825202617e+00,
       -3.8711051341176841e+00, 1.8049096693992531e+01,
       -3.1802626388802657e-01, -4.2367645036003609e-01,
       -4.4349076802628246e-01, -5.5196400545181188e+00,
       -1.4130021409945253e+00, 1.8811627484821550e+01,
       -4.3694025638053818e-01, -1.6840893211119104e-01,
       -1.1968733733682848e-02, -5.4583352900922764e+00,
       -3.0255312128714880e+00, 2.0081162923452503e+01,
       -2.8013083642935005e-01, -1.6931453385620587e-01,
       -5.6259193623739392e-02, -5.5697754577193441e+00,
       -3.6128933033018908e+00, 1.9352552741965088e+01,
       -3.4366741103264226e-01, 1.1575530700081639e-02,
       1.8632142248746097e-01, -5.3338765922456197e+00,
       -4.2643988710675247e+00, 2.0359984999319206e+01,
       -1.8390892726852601e-01, -3.6067008154912317e-01,
       -4.8299354857249283e-01, -6.3428885550555894e+00,
       -1.1288783840022658e+00, 1.8055618864521009e+01,
       -3.1802595020761532e-01, 1.8617626101328760e-02,
       1.6130835395284371e-01, -5.8263321002298278e+00,
       -3.6468807559807934e+00, 1.9833794922479075e+01,
       5.9419826972194459e-02, -5.1308753321936496e-01,
       -1.0283627972636966e+00, -5.5146204737148050e+00,
       1.8504529461868640e+00, 1.6696603130628940e+01,
       -4.1365113352687161e-01, -2.1072775348223630e-01,
       -4.1133015451724525e-01, -8.2588974039100016e+00,
       -2.6002693025795369e+00, 1.8481553823843392e+01,
       -5.3496073715151204e-01, -5.5391483584437497e-02,
       3.6653537510860457e-01, -5.4203169025178664e+00,
       -4.9776247412094907e+00, 2.0908638597570718e+01,
       -5.9506998156218083e-01, -4.0699718550677180e-02,
       1.5984304875045091e-01, -5.9224647492154583e+00,
       -5.1678216313833394e+00, 2.1138910406341175e+01,
       -4.9038802982276070e-01, 1.8211175771539859e-02,
       -2.1205939686667695e-02, -5.6491593265285145e+00,
       -4.2493398114097269e+00, 2.1584946171841658e+01,
       -1.3022677721067069e-01, -1.6264365335992090e-01,
       -1.4387468931712713e-01, -5.9891628365141658e+00,
       -4.4122561905216537e+00, 1.9706589457899327e+01,
       2.9660711092064884e-01, -2.6236316873755949e-01,
       -2.8081174124050196e-01, -5.8724497369030288e+00,
       -3.1006627231778006e+00, 1.8898486237999219e+01,
       5.5303617322831500e-01, -2.9618945451753587e-01,
       -4.0724235102493150e-01, -6.2811839637665186e+00,
       -1.0606236060055503e+00, 1.8713043364316984e+01,
       4.5546916220230410e-01, -2.1007578387733580e-01,
       -3.5567326024464802e-02, -6.1314383868654883e+00,
       -2.4106308398285190e+00, 1.8422086903745807e+01,
       2.7381498155565459e-01, -2.0327099694405484e-01,
       -1.8851703182208612e-01, -7.0900942471803141e+00,
       -2.1679468400028661e+00, 1.8868105403361071e+01,
       -3.7545175898329830e-01, -2.2386724249368081e-01,
       -2.6821691902417722e-02, -6.4687131934121034e+00,
       -1.1052986036784964e+00, 1.9970659005171594e+01,
       9.7954966699052390e-02, -4.1602275736009958e-01,
       -7.2394765805875283e-02, -6.6678056317698502e+00,
       -1.9416940161348772e+00, 1.7922138616818572e+01,
       -2.0255501773495771e-01, -4.6153437722122348e-01,
       -2.4949290136982719e-01, -7.0257512707807948e+00,
       -2.5072662937197130e+00, 1.8754857141024257e+01,
       -1.5411910023812206e-01, -3.5992703340784571e-01,
       -3.8207524874791426e-01, -8.0830388976293772e+00,
       -1.1566116819157890e+00, 1.9034869486396492e+01,
       -7.0829046314330152e-02, -1.0417857038490166e-01,
       -4.2128516002466471e-01, -8.6170099222533203e+00,
       6.1190558040082321e-01, 2.0808165670030359e+01,
       -1.5608170331031174e-01, 1.6501911066063585e-01,
       2.6547862432751240e-02, -7.5527293325812277e+00,
       -1.5216578081387180e+00, 2.1881074866264321e+01,
       -4.0145863762540490e-01, -1.6243015569934308e-02,
       3.9146888082501101e-02, -6.6720471795064906e+00,
       -1.1583382783404914e+00, 2.0604704211441771e+01,
       -2.3375697960029151e-01, -9.0585031138542979e-02,
       -1.8227536995359280e-02, -7.4720848775648747e+00,
       -4.0105958937143393e+00, 2.0611166499651656e+01,
       -3.8695757630901512e-01, -1.1976192948186952e-01,
       3.9440504226190991e-02, -5.4676696873357615e+00,
       -3.7775290513568387e+00, 2.1046677639510225e+01,
       -4.2491973596868354e-01, -3.3017808945684862e-01,
       -2.8714825654262879e-02, -6.2806764011617719e+00,
       -3.1067588630715952e+00, 2.0146510048500929e+01,
       -3.6192052922042756e-01, -3.2687587007338309e-01,
