%YAML:1.0
---
calibration_time: "do 27 jul 2017 16:51:33 CEST"
nframes: 100
image_width: 640
image_height: 480
board_width: 10
board_height: 8
square_size: 1.
aspectRatio: 1.
flags: 2
camera_matrix: !!opencv-matrix
   rows: 3
   cols: 3
   dt: d
   data: [ 7.8531122253932074e+02, 0., 3.2975984450749337e+02, 0.,
       7.8531122253932074e+02, 2.3219566435479933e+02, 0., 0., 1. ]
distortion_coefficients: !!opencv-matrix
   rows: 5
   cols: 1
   dt: d
   data: [ -3.6575957567522616e-01, 2.4666762154473140e-01,
       -5.9059611980028545e-04, -1.3137355390616097e-03,
       -1.8813348102389482e-01 ]
avg_reprojection_error: 2.3679570901063687e-01
per_view_reprojection_errors: !!opencv-matrix
   rows: 100
   cols: 1
   dt: f
   data: [ 1.67428598e-01, 1.42239764e-01, 1.61727518e-01,
       1.86404422e-01, 1.87285885e-01, 2.24765688e-01, 2.58243799e-01,
       2.56907970e-01, 2.70466954e-01, 2.71444529e-01, 2.82465100e-01,
       2.99881279e-01, 2.72587657e-01, 1.60171509e-01, 1.52913436e-01,
       1.59577668e-01, 1.26918912e-01, 2.01995730e-01, 1.94358781e-01,
       1.80752769e-01, 1.34832829e-01, 1.04149736e-01, 1.05698742e-01,
       9.36082602e-02, 9.11617950e-02, 9.67511237e-02, 7.48282596e-02,
       2.07921728e-01, 1.10421978e-01, 9.28595737e-02, 8.86645094e-02,
       1.64993942e-01, 1.77785307e-01, 1.93995148e-01, 1.72875494e-01,
       1.94723412e-01, 1.85365573e-01, 2.05415815e-01, 2.16278210e-01,
       2.12751985e-01, 1.91307515e-01, 2.31768161e-01, 2.59764284e-01,
       5.03627837e-01, 6.61310017e-01, 7.67787814e-01, 4.68090832e-01,
       1.51818141e-01, 1.08937465e-01, 1.59122735e-01, 1.74539089e-01,
       2.16753080e-01, 1.84433058e-01, 2.37430975e-01, 1.82877034e-01,
       1.59583613e-01, 1.78052112e-01, 1.55421346e-01, 1.55955121e-01,
       2.64464587e-01, 2.04436615e-01, 2.51760334e-01, 2.56047040e-01,
       2.32836127e-01, 2.48799756e-01, 3.75711292e-01, 3.16319406e-01,
       2.59616077e-01, 7.66130805e-01, 2.96633959e-01, 3.12491179e-01,
       2.79499441e-01, 2.87749112e-01, 1.87881991e-01, 1.38025135e-01,
       1.35283068e-01, 1.41762614e-01, 1.07311189e-01, 1.33328989e-01,
       1.01992130e-01, 1.05252750e-01, 9.90503058e-02, 1.22810960e-01,
       1.75331056e-01, 1.61153302e-01, 1.42354414e-01, 1.60982609e-01,
       1.63742810e-01, 1.56989470e-01, 1.37112245e-01, 1.49314955e-01,
       1.54186264e-01, 1.59208864e-01, 1.59290135e-01, 1.72741756e-01,
       1.71745017e-01, 1.61373690e-01, 1.49113029e-01, 1.45071208e-01,
       1.39908776e-01 ]
extrinsic_parameters: !!opencv-matrix
   rows: 100
   cols: 6
   dt: d
   data: [ -2.8467454591199542e-01, -2.7831616878419069e-01,
       1.4616215832225561e+00, -1.4046892676153173e+00,
       -4.1722191403951943e+00, 2.6077357769005374e+01,
       -2.6307398527693004e-01, -2.0738027758440589e-01,
       1.4452298376044066e+00, -1.2385419583771136e+00,
       -4.6480387401780110e+00, 2.5589212948561528e+01,
       -3.5236513430212058e-01, -2.2393849974668997e-01,
       1.5865191325970662e+00, 6.4668075728217467e-01,
       -3.8299351917365518e+00, 2.5678566990041954e+01,
       -3.4620081380975493e-01, -2.7001916905777940e-01,
       1.4916200983872103e+00, -4.5333562354398510e-01,
       -4.4813403711391828e+00, 2.5722430038086706e+01,
       -2.9290699607193149e-01, -2.5739484676632729e-01,
       1.5297708584773282e+00, -5.7290877414701591e-01,
       -4.3222140549949808e+00, 2.5271464012677697e+01,
       -3.3122183782569120e-01, -3.5741682660297081e-01,
       1.5203709786740374e+00, 3.0798649937149603e+00,
       -4.5622066607645122e+00, 2.4445462217853784e+01,
       -3.1507695231959004e-01, -3.7715731312808171e-01,
       1.5453348810204488e+00, 5.1199374364392272e+00,
       -4.1352503059618995e+00, 2.3365052110942543e+01,
       -4.0021358878431157e-01, -4.3237541554637310e-01,
       1.5498380334356501e+00, 2.5547214863515979e+00,
       -5.1337231698132682e+00, 2.5124860942548938e+01,
       -4.6509650959259680e-01, -4.4314349570325667e-01,
       1.5164394205078975e+00, 1.8474762841934385e+00,
       -4.7756859851189306e+00, 2.5284729818156084e+01,
       -4.4096729406945684e-01, -4.4150318111642900e-01,
       1.5255913672541248e+00, 1.7439272758723252e+00,
       -5.3109694088631354e+00, 2.5559187709687063e+01,
       -4.2951534857131590e-01, -4.6413346460714255e-01,
       1.5537739329318807e+00, 2.3042521142897039e+00,
       -5.0808582823152655e+00, 2.5468436066004646e+01,
       -4.2590703523914675e-01, -5.2990221949228900e-01,
       1.5503488875583495e+00, 2.7512640117884239e+00,
       -4.6825636371613832e+00, 2.5307149771151792e+01,
       -4.1215246176067355e-01, -5.4491213903698255e-01,
       1.5992773856019356e+00, 2.5663502310809698e+00,
       -4.4165962941951058e+00, 2.5277272654499480e+01,
       2.0404118959645257e-01, -2.0341625168997302e-01,
       -1.4858497314387333e+00, -4.8720752903167774e+00,
       3.8809616876093269e+00, 2.2668605698826234e+01,
       1.4784306864407970e-01, -1.2078729935638799e-01,
       -1.4827776088249152e+00, -6.2506121941581156e+00,
       3.7304580196671431e+00, 2.3070851756261380e+01,
       -2.0433743303048416e-01, -2.4300873220616845e-01,
       1.4904870795979628e+00, -2.0904029309407943e+00,
       -4.7629523351727610e+00, 2.3939203033373914e+01,
       -1.2779335617281226e-01, -1.1969899551767939e-01,
       1.5378183860042940e+00, -2.3296367002757199e+00,
       -3.4532222069671215e+00, 2.2253959611900157e+01,
       -1.2516900812036855e-01, -1.0912456020433661e-02,
       -1.2941520462860960e+00, -8.0560190727409591e+00,
       3.6650395552514987e+00, 1.8166565885344493e+01,
       1.1146809674890405e-01, -7.5883502079911691e-01,
       -2.9072661789514442e-01, -8.8706081737967217e+00,
       -6.7900643384202886e-01, 2.0405885630808363e+01,
       7.3911863273871753e-02, -7.5874631058495623e-01,
       -3.2089482478401482e-01, -8.3806358124855596e+00,
       1.8869309503439402e-01, 2.0467285188068779e+01,
       4.1938152207679436e-02, -4.5415392180729081e-01,
       -2.3293630471523760e-01, -7.4032065636077071e+00,
       1.1853474542386065e-01, 2.0616071132733897e+01,
       -8.6522859450428716e-02, -2.5600501513257684e-01,
       -3.4833845955675263e-01, -8.7263602477921207e+00,
       -1.2546159935231123e+00, 2.1043827927926554e+01,
       -6.1485876828080474e-02, -2.9778709827912381e-01,
       -2.9801769907302084e-01, -8.1545302126640316e+00,
       -1.1934857095858558e+00, 2.1138107908338789e+01,
       -1.7566315126132309e-01, -1.9665647251931609e-01,
       -4.2070149232128662e-01, -8.5440498338513269e+00,
       4.2212178923124788e-01, 2.2231935060230633e+01,
       -1.3483428424000762e-01, -2.7571411112040328e-01,
       -3.6921536311319736e-01, -8.1226829008000934e+00,
       -5.1964446673280806e-01, 2.2191648745179705e+01,
       -2.1499799637092135e-01, -1.8867830201675159e-01,
       -4.9966818405428698e-01, -9.7035061902360127e+00,
       -9.8771780550206001e-01, 2.2880088858716157e+01,
       -1.2947000754178026e-01, -2.1230109278138998e-01,
       -3.9881637766339945e-01, -9.1901018868138475e+00,
       -4.7485157159738567e-01, 2.2474317250730870e+01,
       4.6620178708516459e-02, -5.9824878185034280e-01,
       2.0657416208634798e-02, -8.8829148677436525e+00,
       -1.6987444367111835e+00, 2.0903787784740931e+01,
       -1.2045255027305510e-01, -2.7021896458219224e-01,
       -1.9917082035997963e-01, -7.4600416364370910e+00,
       -1.6652538813081703e+00, 2.0445480619195006e+01,
       -1.8524138293083944e-01, -1.0163798047918454e-01,
       -3.3251355305808766e-01, -7.8392389784764465e+00,
       -5.7387485070899502e-01, 2.0976532027730968e+01,
       -9.0493901851778968e-02, -1.2735015067515526e-01,
       -3.6682666087929111e-01, -7.8427010467746499e+00,
       -4.5682856030959555e-02, 2.0900379745445985e+01,
       -8.0204855382609075e-02, 9.5519504965580634e-02,
       -3.7982726358331008e-04, -7.1947351607828072e+00,
       -2.1422195295057906e+00, 2.1967795892385329e+01,
