%YAML:1.0
---
calibration_time: "zo 12 nov 2017 17:59:23 CET"
nframes: 220
image_width: 640
image_height: 480
board_width: 10
board_height: 8
square_size: 1.
aspectRatio: 1.
flags: 2
camera_matrix: !!opencv-matrix
   rows: 3
   cols: 3
   dt: d
   data: [ 7.8511858943642915e+02, 0., 3.3532504289410105e+02, 0.,
       7.8511858943642915e+02, 2.2640877624857967e+02, 0., 0., 1. ]
distortion_coefficients: !!opencv-matrix
   rows: 5
   cols: 1
   dt: d
   data: [ -3.7277024516061924e-01, 4.0303422369739800e-01,
       8.9271210044741822e-04, -1.1709430843272167e-03,
       -8.3247120442877953e-01 ]
avg_reprojection_error: 4.8314277039692133e-01
per_view_reprojection_errors: !!opencv-matrix
   rows: 220
   cols: 1
   dt: f
   data: [ 1.99056178e-01, 1.97435349e-01, 1.79010034e-01,
       1.63719371e-01, 1.63438946e-01, 1.11626081e-01, 1.22324117e-01,
       1.57018095e-01, 1.52077138e-01, 1.46233007e-01, 1.32956934e+00,
       2.00192750e-01, 1.80731207e-01, 1.13002390e-01, 1.49037272e-01,
       1.80261478e-01, 1.80069596e-01, 3.25136334e-01, 2.03863770e-01,
       1.75706089e-01, 1.95302263e-01, 2.07129881e-01, 2.48367622e-01,
       1.94594145e-01, 1.86751395e-01, 1.83144867e-01, 1.75813422e-01,
       1.76605359e-01, 2.18118414e-01, 2.07567185e-01, 1.89337417e-01,
       1.93849236e-01, 1.88156381e-01, 2.28084087e-01, 2.09599242e-01,
       2.01856300e-01, 2.42989630e-01, 1.66194871e-01, 1.88418791e-01,
       2.05247492e-01, 1.90516919e-01, 1.60345390e-01, 1.77180186e-01,
       1.20891631e-01, 1.51582778e-01, 1.44009009e-01, 2.34303311e-01,
       2.30957627e-01, 2.12435037e-01, 1.59228206e-01, 2.69613624e-01,
       2.49032050e-01, 1.70124352e-01, 2.37252340e-01, 2.13422462e-01,
       1.68148369e-01, 2.22826555e-01, 1.82628334e-01, 1.78600892e-01,
       1.92559451e-01, 1.88599154e-01, 1.38618737e-01, 1.51622012e-01,
       1.79242328e-01, 1.58070505e-01, 1.64446950e-01, 1.95356131e-01,
       1.58138514e-01, 1.75148800e-01, 1.67024180e-01, 1.43626630e-01,
       1.16815485e-01, 1.33729637e-01, 1.59694552e-01, 1.54483691e-01,
       1.50463641e-01, 1.77560180e-01, 2.26080045e-01, 3.14477921e-01,
       1.84171423e-01, 2.43208840e-01, 2.01312393e-01, 2.13032201e-01,
       2.55218536e-01, 2.38694161e-01, 2.68729240e-01, 2.04393104e-01,
       2.03857765e-01, 2.09241435e-01, 2.13515878e-01, 2.04851657e-01,
       2.48052970e-01, 2.31314525e-01, 2.26262778e-01, 1.56858206e-01,
       1.90842077e-01, 2.09651113e-01, 2.03213438e-01, 2.02165559e-01,
       2.57272184e-01, 1.80340081e-01, 1.59194484e-01, 1.99754283e-01,
       1.84094071e-01, 1.86127156e-01, 1.95075884e-01, 1.72213852e-01,
       2.89032072e-01, 1.76014692e-01, 1.63824499e-01, 1.79933861e-01,
       1.87763423e-01, 1.38046786e-01, 1.54083610e-01, 1.74957916e-01,
       1.44708127e-01, 1.43326208e-01, 1.43023834e-01, 1.79684788e-01,
       1.81791991e-01, 1.70993105e-01, 1.94318473e-01, 1.63184687e-01,
       1.59827515e-01, 1.52499527e-01, 2.08857015e-01, 2.74491429e-01,
       3.06859642e-01, 2.88244456e-01, 2.06170365e-01, 3.44057441e-01,
       6.70757234e-01, 7.88218200e-01, 8.86848629e-01, 8.49960387e-01,
       8.61449063e-01, 2.28962764e-01, 1.83812261e-01, 2.10197762e-01,
       2.21084878e-01, 2.69142032e-01, 2.19236106e-01, 2.84178942e-01,
       3.05404782e-01, 3.28648877e+00, 2.55075365e-01, 3.32049817e-01,
       3.03977281e-01, 2.89509028e-01, 2.75609881e-01, 2.47976318e-01,
       1.60468742e-01, 1.76590756e-01, 1.82442039e-01, 1.80957049e-01,
       1.78822383e-01, 1.66269317e-01, 2.34549537e-01, 2.34555408e-01,
       2.23209962e-01, 1.93964794e-01, 1.91978917e-01, 1.87209636e-01,
       2.49379799e-01, 1.94908962e-01, 1.68318957e-01, 1.39463469e-01,
       1.58262208e-01, 1.61935970e-01, 1.52001455e-01, 1.48957163e-01,
       1.54424310e-01, 1.41422108e-01, 1.85062438e-01, 1.96788654e-01,
       1.75279334e-01, 2.66021997e-01, 1.92613840e-01, 1.81266248e-01,
       1.95482552e-01, 1.84545889e-01, 3.10962528e-01, 2.07496598e-01,
       1.37397051e-01, 8.79737139e-02, 8.84066224e-02, 1.04336724e-01,
       9.59437117e-02, 1.65784478e-01, 1.16966255e-01, 1.07556306e-01,
       1.79783225e-01, 1.25712439e-01, 1.34178042e-01, 1.68760583e-01,
       2.09781930e-01, 1.45389766e-01, 1.86084434e-01, 1.74150094e-01,
       1.26865506e-01, 1.05853789e-01, 2.35477909e-01, 2.50416160e-01,
       1.46763161e-01, 9.60795879e-02, 1.34912193e-01, 4.26747608e+00,
       1.73862055e-01, 1.52597263e-01, 2.03380257e-01, 1.63080171e-01,
       1.88864335e-01, 2.68967330e-01, 2.99799180e+00, 1.93069980e-01,
       8.50389227e-02, 1.63241714e-01, 1.89278394e-01, 4.33537096e-01,
       1.17284380e-01 ]
