%YAML:1.0
---
calibration_time: "ma 25 sep 2017 13:23:24 CEST"
nframes: 56
image_width: 640
image_height: 480
board_width: 10
board_height: 8
square_size: 1.
aspectRatio: 1.
flags: 2
camera_matrix: !!opencv-matrix
   rows: 3
   cols: 3
   dt: d
   data: [ 7.9120552377126182e+02, 0., 3.0748571500463635e+02, 0.,
       7.9120552377126182e+02, 2.3700852588806680e+02, 0., 0., 1. ]
distortion_coefficients: !!opencv-matrix
   rows: 5
   cols: 1
   dt: d
   data: [ -3.3819218023841524e-01, -3.1325470255521931e-02,
       -2.4947686182196193e-04, 2.8280399410948293e-03,
       4.6442665700655267e-01 ]
avg_reprojection_error: 1.6353167181477238e-01
per_view_reprojection_errors: !!opencv-matrix
   rows: 56
   cols: 1
   dt: f
   data: [ 1.77916706e-01, 2.23280638e-01, 1.45078748e-01,
       1.51988298e-01, 1.49089739e-01, 1.15568526e-01, 1.62490338e-01,
       1.05237551e-01, 1.58070102e-01, 1.63124293e-01, 1.59158066e-01,
       1.26146942e-01, 1.58553049e-01, 1.71449885e-01, 1.49358213e-01,
       1.55872822e-01, 1.44472018e-01, 1.15678929e-01, 1.40434384e-01,
       1.31616801e-01, 2.27611646e-01, 1.39310777e-01, 2.14746013e-01,
       1.53743520e-01, 2.17267901e-01, 2.18101546e-01, 2.39934683e-01,
       1.52105957e-01, 1.19142890e-01, 1.47559956e-01, 1.49200872e-01,
       1.44895881e-01, 1.42125681e-01, 2.27563769e-01, 1.53547972e-01,
       1.40785068e-01, 1.56423762e-01, 1.21603526e-01, 1.73643857e-01,
       1.86025023e-01, 1.54744387e-01, 1.60704136e-01, 1.74662635e-01,
       1.73915625e-01, 1.78683490e-01, 1.90298647e-01, 1.80273294e-01,
       1.56364679e-01, 1.59549594e-01, 1.34289473e-01, 1.57461390e-01,
       1.42389715e-01, 1.50021344e-01, 1.55992627e-01, 1.53785691e-01,
       1.54467121e-01 ]
extrinsic_parameters: !!opencv-matrix
   rows: 56
   cols: 6
   dt: d
   data: [ -8.4289240549040995e-03, 9.6561021012528239e-02,
       3.4722478082866222e-02, -2.4590307153250994e+00,
       -5.3466837490129722e+00, 2.3551267428812967e+01,
       9.3348937789144645e-02, -9.1196155456048061e-02,
       3.1385051212623520e-02, -2.2950119136518929e+00,
       -5.1425566674022960e+00, 2.2781043890235289e+01,
       1.0347271752663821e-01, 2.6118330626229264e-01,
       1.1070770012997262e-01, -1.8259780685937193e+00,
       -5.5064588877650067e+00, 2.3675612929538534e+01,
       1.2171196467366317e-01, 7.9504924086316861e-02,
       8.6728524458386247e-02, -1.5676494790827993e+00,
       -5.4072702156277188e+00, 2.3722676690750532e+01,
       8.2973710132170669e-02, 1.1446534917338262e-01,
       -4.8348198974721215e-02, -1.6113158101608076e+00,
       -4.8655861653875405e+00, 2.3695767131647315e+01,
       1.3274163774915665e-01, 1.5560616616091597e-01,
       1.4646773552052048e-01, -5.4992148736136415e-01,
       -5.2609631795217435e+00, 2.3311158997866489e+01,
       1.2362095871913796e-01, 1.3651743222102364e-01,
       2.2988871496749406e-02, -2.0787221736463279e+00,
       -5.1387589045953384e+00, 2.3429605124083825e+01,
       1.5022354861456974e-01, 1.1865635684461412e-01,
       1.6634779599066080e-01, -1.9855787838014163e+00,
       -5.3006684264098745e+00, 2.3252839082649434e+01,
       1.3043250219945884e-01, 1.7032705748519608e-01,
       2.7609308234512790e-02, -2.2542973453551838e+00,
       -4.9902697428738918e+00, 2.3378314796318847e+01,
       1.5413556075952242e-01, 6.2865245151340274e-02,
       5.7555618827192158e-02, -2.3032304032641586e+00,
       -4.9480939184903479e+00, 2.3121801061456576e+01,
       1.3530965331130129e-01, 1.5339841059278631e-01,
       6.7171715885829042e-02, -2.1061028383723990e+00,
       -4.5602263503036200e+00, 2.3076616697747397e+01,
       1.0945373177073779e-01, 1.3033325972305138e-01,
       1.0534805585047453e-01, -3.9291900609674513e+00,
       -4.7595689345191685e+00, 2.3612335152559943e+01,
       7.6960965771715309e-02, 1.8465497953125848e-01,
       9.1909892413716526e-02, -5.4807655323201141e+00,
       -4.6623109312004472e+00, 2.4356032016749104e+01,
       4.7438425233498928e-02, 2.0191990739724919e-01,
       -1.7279484765163815e-02, -7.1284010108866136e+00,
       -4.7236058276406467e+00, 2.4900478701672622e+01,
       5.1842055818191124e-02, 1.8232263648474026e-01,
       3.5113615486754540e-02, -6.9582336068794870e+00,
       -5.0546076262155433e+00, 2.4824505825260367e+01,
       7.1313241237847769e-02, 1.2135371701868999e-01,
       7.1018621072126129e-02, -6.3664176083807540e+00,
       -5.2757103120992488e+00, 2.6468340614427721e+01,
       9.1308222754779012e-02, 2.1916482646801297e-01,
       1.0553309092995355e-01, -6.2520424328743935e+00,
       -5.3862675723531153e+00, 2.4996404168816728e+01,
       7.1008126888735770e-02, 1.8683514345499982e-01,
       1.0827179759450570e-01, -6.3027688131022677e+00,
       -5.2833936274445845e+00, 2.5119583691349373e+01,
       2.7010282048960894e-02, 1.4423903282181738e-01,
       8.5792646430115804e-02, -6.5312970579778673e+00,
       -5.4255968017562948e+00, 2.5118947966216425e+01,
       -4.8012903042571976e-02, 1.2854800219769114e-01,
       9.9607347212929312e-02, -6.3890008578960984e+00,
       -5.1909187083694670e+00, 2.5439947778766090e+01,
       2.6055977502028660e-01, 2.2160037516999298e-01,
       6.4248051327744971e-02, -6.4246228269170222e+00,
       -4.8011060547729025e+00, 2.4764067575456462e+01,
       -1.1780620707156989e-01, 1.0348618649857427e-01,
       1.0174684301839927e-01, -6.1716291636099525e+00,
       -4.9197716107161407e+00, 2.6241877259902587e+01,
       3.2785043214368137e-01, 2.0530139352851579e-01,
       6.7876424945760960e-02, -6.3337177181070086e+00,
       -4.5145891308150539e+00, 2.4703045472901781e+01,
       9.8620621167519434e-02, 1.8159081226489990e-01,
       9.9323210720534766e-02, -7.4644911483420557e+00,
       -2.4950192547753440e+00, 2.6362455643743029e+01,
       5.3730700617472711e-02, 2.5062708161057617e-01,
       4.8480510849634950e-02, -8.0182064395416095e+00,
       -3.9747315880865886e-01, 2.6507931601312897e+01,
       9.9441554955373351e-02, 2.7272190240263694e-01,
       3.4608671471157509e-02, -7.7150610294511983e+00,
       -1.0003563473558363e+00, 2.5757287123054962e+01,
       2.0289137822307785e-01, 2.0896180422841110e-01,
       2.7360444087547894e-02, -7.1981528875607808e+00,
       -1.2218131116142965e+00, 2.5788664053820309e+01,
       1.3730990586186395e-01, 2.1009718257669494e-01,
       7.1840604114711784e-02, -7.0887909151150899e+00,
       -1.3312656412127573e+00, 2.5555653392341018e+01,
       8.5308416875965659e-02, 2.1852735169331483e-01,
       1.2341045999108705e-01, -7.2855887814013656e+00,
       -1.5046623608744836e+00, 2.5360380420815062e+01,
       9.4989612517878852e-02, 2.0101280996528978e-01,
       8.2645838399683244e-02, -7.3495951031407705e+00,
       -1.3095737129557603e+00, 2.5278463205025872e+01,
       9.3951162731485238e-02, 2.0614528119047243e-01,
       8.2744355359463215e-02, -7.4680010615569055e+00,
       -1.3531334874404575e+00, 2.5328353818635279e+01,
       5.2901120460980111e-02, 2.2949835244745900e-01,
       8.9800378483367416e-02, -7.1839767137767101e+00,
       -2.1733367254549090e+00, 2.5303225550310625e+01,
       7.4673896273238435e-02, 1.3990554092781121e-01,
       2.2458846186646970e-02, -7.8047080323022913e+00,
       -2.5770360885769525e+00, 2.5220314904875309e+01,
       5.4087216413453557e-02, 2.2526570453179059e-01,
       4.7305357803920887e-02, -7.5517310005013849e+00,
       -2.5287915329731807e+00, 2.5523159498979521e+01,
       9.7338816530555927e-02, 1.1363364082386043e-01,
       5.3017503113044304e-02, -7.5229970693484729e+00,
       -2.4388473180739436e+00, 2.5565922851570878e+01,
       7.8359669711650051e-02, 1.5430732677752007e-01,
       4.8905643443333723e-02, -7.6743770915753657e+00,
       -2.4320133696004191e+00, 2.5538271680771118e+01,
       1.4143334754892867e-01, 1.8440829425964031e-01,
       4.1092329228021598e-02, -7.6510256806681669e+00,
       -2.4700677586070983e+00, 2.5800675398862950e+01,
