%YAML:1.0
---
calibration_time: "do 28 sep 2017 12:30:47 CEST"
nframes: 80
image_width: 640
image_height: 480
board_width: 10
board_height: 8
square_size: 1.
aspectRatio: 1.
flags: 2
camera_matrix: !!opencv-matrix
   rows: 3
   cols: 3
   dt: d
   data: [ 8.0238562611283896e+02, 0., 3.3931633299228781e+02, 0.,
       8.0238562611283896e+02, 2.3105483956809061e+02, 0., 0., 1. ]
distortion_coefficients: !!opencv-matrix
   rows: 5
   cols: 1
   dt: d
   data: [ -3.7153686434511113e-01, 2.5151764854266373e-01,
       1.5594425808419955e-03, -2.8835637850357096e-03,
       -3.9353946587804650e-01 ]
avg_reprojection_error: 1.4218310878084181e-01
per_view_reprojection_errors: !!opencv-matrix
   rows: 80
   cols: 1
   dt: f
   data: [ 9.87282619e-02, 1.56174600e-01, 1.36138901e-01,
       1.47410393e-01, 1.55733466e-01, 1.39229953e-01, 1.68757737e-01,
       1.42015159e-01, 1.72438785e-01, 1.59529388e-01, 1.62146255e-01,
       1.57077000e-01, 1.70134649e-01, 1.65595874e-01, 1.32090867e-01,
       1.42729506e-01, 1.51510388e-01, 1.50316060e-01, 1.55319095e-01,
       1.61340788e-01, 1.37023181e-01, 1.59854114e-01, 1.74029619e-01,
       1.33376181e-01, 1.53805137e-01, 1.50858328e-01, 1.51396543e-01,
       1.53381854e-01, 1.55381784e-01, 1.41786471e-01, 1.39079466e-01,
       1.67080641e-01, 1.48255050e-01, 1.36799425e-01, 1.42936110e-01,
       1.50888890e-01, 1.32630244e-01, 1.46674857e-01, 1.33158952e-01,
       1.14858687e-01, 1.56109050e-01, 1.58209294e-01, 1.55631319e-01,
       1.68225154e-01, 1.45146847e-01, 1.47644997e-01, 1.60692826e-01,
       1.29754022e-01, 1.30845577e-01, 1.49132714e-01, 1.44120902e-01,
       1.41655311e-01, 1.35021195e-01, 1.40469998e-01, 1.40953094e-01,
       1.41705140e-01, 1.45633325e-01, 1.47662461e-01, 1.41824678e-01,
       1.49323836e-01, 1.63282052e-01, 1.15530550e-01, 1.06923841e-01,
       1.13881208e-01, 1.32278174e-01, 1.32136196e-01, 1.31566957e-01,
       1.24436371e-01, 1.27285406e-01, 1.20261259e-01, 1.20147333e-01,
       1.21936582e-01, 9.53560099e-02, 1.09797038e-01, 1.04191802e-01,
       1.11847170e-01, 1.16759948e-01, 1.26630902e-01, 1.24897525e-01,
       1.04744300e-01 ]
extrinsic_parameters: !!opencv-matrix
   rows: 80
   cols: 6
   dt: d
   data: [ -8.8069298590029751e-02, -1.9583517857029348e-02,
       -1.7807479064376880e-01, -1.6357565278925268e+00,
       3.9614399677437950e-01, 2.8091312915629977e+01,
       -9.9421106182951552e-02, 2.1997664584718128e-02,
       -4.6466878803200502e-02, -1.9560392256717081e+00,
       1.4650244930552775e-01, 2.7870796795504592e+01,
       -1.7936147701955729e-02, -5.6241823268776178e-02,
       -5.6453961552700325e-04, -2.2562424157980581e+00,
       -5.8672730170844956e-01, 2.6549731007909756e+01,
       -1.8655346886362490e-02, -3.2609289165969890e-02,
       -2.3711748275226038e-02, -2.9104734518575066e+00,
       -7.1924332468550356e-01, 2.6801074925298529e+01,
       -1.9386370517304193e-02, -2.8415643475405504e-02,
       -4.9008718267466278e-02, -3.3490475193070917e+00,
       -7.1827627694027096e-01, 2.6615502545444929e+01,
       -3.8255451127671515e-02, 6.1013609431193935e-03,
       -5.4562182151178279e-02, -4.1987703308987427e+00,
       -7.3721770115463947e-01, 2.6421362141545679e+01,
       -3.7006829782684873e-02, 8.6893808429082016e-03,
       -5.2688278808400775e-02, -6.1362578406800585e+00,
       -8.1394950390012666e-01, 2.5642771326896636e+01,
       -4.8824959242392663e-02, -9.4856731343877052e-02,
       -8.0288125754410133e-02, -7.0702972558989527e+00,
       -6.0026568527119828e-01, 2.4528943741658860e+01,
       7.3002306892775235e-03, 2.6895719363366110e-02,
       -1.2407738284162505e-01, -7.7043172929748787e+00,
       2.6483066943087352e-01, 2.4865023983944322e+01,
       -4.1662519349454516e-02, 1.7319401655200696e-03,
       -9.3223807368135611e-02, -6.8379696216469670e+00,
       -9.8299775057258187e-01, 2.5378338394943199e+01,
       2.2260227329408706e-02, -6.5592768546549898e-02,
       -4.5913646600208850e-02, -6.4531976176015506e+00,
       -1.4018465747375977e+00, 2.4719106366694547e+01,
       5.3111577405198333e-03, -2.0627794394051074e-01,
       -2.0011377631523098e-02, -5.5944884681441867e+00,
       -9.9661761075725830e-01, 2.2492109184151882e+01,
       2.7820660648840652e-02, -5.2825393268347086e-02,
       -4.6632845174659925e-02, -6.3421644759019076e+00,
       -1.8397731507710235e-01, 2.4993651887943628e+01,
       -8.7734898768396893e-02, -1.9452607316207668e-01,
       -4.7237288314677807e-02, -5.4550754403079260e+00,
       -3.6284535426418373e-02, 2.2586257131465189e+01,
       -3.1998262960299395e-02, -1.2703222244123827e-01,
       -8.1041960600944131e-03, -4.8407160030510790e+00,
       4.7978425445605571e-01, 2.3931029897110754e+01,
       -3.9680784464639879e-02, -1.6125755527559277e-01,
       -1.2204365528643207e-02, -4.6022052490451006e+00,
       -1.9372726462616208e+00, 2.4636145699814229e+01,
       -9.6414894750079961e-03, -2.2851458489408616e-01,
       -2.3999286796941580e-02, -3.9660555676019351e+00,
       -2.5768902681319470e+00, 2.4797287658056426e+01,
       2.7710907574631828e-02, -1.0530004907646648e-01,
       -5.5698181252758980e-02, -3.6582902797349059e+00,
       -2.0834786615523173e+00, 2.5611834686889800e+01,
       -1.5074163669738280e-03, -1.9273612417336147e-01,
       -3.6031133874879780e-02, -4.2263331330060891e+00,
       -2.1657733801064611e+00, 2.5003104199519530e+01,
       -2.0077303989225245e-02, -6.4365091300705765e-02,
       -5.9684197094936386e-02, -4.3184564363506759e+00,
       -1.9811995754170124e+00, 2.5675015554036751e+01,
       -4.2238647321210118e-02, -1.5936077728846718e-01,
       -8.7233052812459560e-03, -5.0273376919590929e+00,
       -2.6561479528692775e+00, 2.4960957698967853e+01,
       -5.4700146355599014e-02, -1.8575435947002719e-01,
       4.4016898402823322e-02, -5.9693361013622130e+00,
       -3.0844705237930321e+00, 2.4423991363766358e+01,
       -3.5833022147378157e-02, -1.6500095229886597e-01,
       4.7257227990934403e-02, -6.5526875752797507e+00,
       -2.9404910909909052e+00, 2.4173561364135690e+01,
       -1.7581570673916409e-03, -1.3674857594621762e-01,
       4.0158306906874133e-03, -6.7105811973492973e+00,
       -2.0815490522547102e+00, 2.4220098965312996e+01,
       -5.6775052513811930e-03, -1.3662012454264594e-01,
       -2.0665009406967524e-02, -6.7390405215109199e+00,
       -1.4823990645998890e+00, 2.4107771775096946e+01,
       3.5481481997270164e-02, -1.1187013216613072e-01,
       -8.7259292924246560e-03, -6.2904267937501324e+00,
       -1.5582355586207457e+00, 2.3552789609458575e+01,
       -1.1853952205914503e-01, -1.5438520637757863e-01,
       -2.9848509582540823e-02, -5.9684471266188819e+00,
       -1.5867368689960701e+00, 2.2893151836548874e+01,
       -6.8831621546404315e-03, -1.4946018218469906e-01,
       -3.2680935691694182e-02, -6.1024818863096861e+00,
       -1.2859374841857087e+00, 2.4169554405133937e+01,
       8.4179720033863537e-02, -2.4774267817476575e-01,
       -2.1360379071509249e-02, -5.6335611181592240e+00,
       -1.1759173995525771e+00, 2.3283411423157094e+01,
       4.9692550142027885e-02, -1.3867416274260841e-01,
       -5.6975265915026725e-02, -5.7359873791660387e+00,
       -8.7497813744116537e-01, 2.4278934954473947e+01,
       -7.5668485291062501e-02, -1.6361874726055592e-01,
       -6.4156327816242670e-02, -5.5992435692313078e+00,
       -8.8486712210969787e-01, 2.4283838388394056e+01,
       -2.7616884053047547e-02, -2.4259674027186196e-02,
       -4.1463602497443623e-02, -5.3097582300923332e+00,
       -8.5538771658608215e-01, 2.4384871249488057e+01,
       3.1198024416843155e-02, -2.5831450183174193e-01,
       -2.8465564116020105e-02, -5.0440682939933090e+00,
       -8.8632246913302559e-01, 2.3155919507524523e+01,
       -1.0713189360624241e-03, -1.1100797300756970e-01,
       -1.8927739349440902e-02, -4.8327882773159665e+00,
       -8.2217888009887974e-01, 2.4323362469295887e+01,
