%YAML:1.0
---
calibration_time: "ma 25 sep 2017 14:47:06 CEST"
nframes: 80
image_width: 640
image_height: 480
board_width: 10
board_height: 8
square_size: 1.
aspectRatio: 1.
flags: 2
camera_matrix: !!opencv-matrix
   rows: 3
   cols: 3
   dt: d
   data: [ 7.9406124612249505e+02, 0., 3.4664492134747269e+02, 0.,
       7.9406124612249505e+02, 2.1764282223573829e+02, 0., 0., 1. ]
distortion_coefficients: !!opencv-matrix
   rows: 5
   cols: 1
   dt: d
   data: [ -3.5720000260680673e-01, 2.3028504939047834e-01,
       6.0349562299558743e-05, -2.5793288580979704e-03,
       -1.8745053892735655e-01 ]
avg_reprojection_error: 1.7638795568749502e-01
per_view_reprojection_errors: !!opencv-matrix
   rows: 80
   cols: 1
   dt: f
   data: [ 1.61044195e-01, 1.66298255e-01, 2.76547164e-01,
       2.16877535e-01, 1.54668942e-01, 1.56105414e-01, 1.48785233e-01,
       1.45601541e-01, 1.52024433e-01, 1.62259743e-01, 1.75721690e-01,
       1.54150754e-01, 2.30565622e-01, 1.57284603e-01, 1.85663760e-01,
       2.12550193e-01, 1.99249208e-01, 1.46888822e-01, 1.91022798e-01,
       1.65518731e-01, 1.36696801e-01, 1.47077695e-01, 1.51382461e-01,
       1.48606151e-01, 1.42608285e-01, 1.92339003e-01, 2.68916577e-01,
       2.29754314e-01, 1.72180623e-01, 1.64458588e-01, 1.80011481e-01,
       1.70284331e-01, 2.21948713e-01, 1.50980100e-01, 1.70901835e-01,
       1.72881171e-01, 1.54958263e-01, 1.60200655e-01, 1.65134892e-01,
       1.52717575e-01, 1.44016296e-01, 1.44967005e-01, 1.58077538e-01,
       2.67199308e-01, 1.40720502e-01, 1.69368744e-01, 1.60355151e-01,
       1.70788601e-01, 1.57953233e-01, 1.60049081e-01, 1.63170800e-01,
       1.58733264e-01, 1.55642554e-01, 1.50244251e-01, 1.48801193e-01,
       1.63265496e-01, 1.75387427e-01, 1.69677287e-01, 1.80422276e-01,
       2.23426163e-01, 1.59233004e-01, 1.58733666e-01, 2.78103262e-01,
       1.54350206e-01, 1.56187356e-01, 2.26738513e-01, 1.73433930e-01,
       1.54124394e-01, 1.86820924e-01, 1.63087651e-01, 1.64059669e-01,
       1.50494128e-01, 1.46126926e-01, 1.65855721e-01, 1.66688919e-01,
       1.90642580e-01, 1.57437459e-01, 2.10762441e-01, 1.68915078e-01,
       1.77658871e-01 ]
extrinsic_parameters: !!opencv-matrix
   rows: 80
   cols: 6
   dt: d
   data: [ -1.4121535283545383e-01, -1.6534741496391614e-01,
       5.1619121876500647e-02, -2.2344808239090561e+00,
       -5.3596676498809792e+00, 2.7611921638040986e+01,
       -1.9148252497236082e-01, -1.4215690852545876e-01,
       2.2751995273400695e-02, -7.5324591756268822e-01,
       -5.8781498456856314e+00, 2.8301175655746359e+01,
       -1.2558483725977959e-01, -4.6192757862043982e-01,
       -4.7879663404783800e-02, -2.2159119395295490e-01,
       -5.8292747592855489e+00, 2.6231386362291108e+01,
       -1.8682026187320178e-01, -2.3691079907255125e-01,
       -5.3543827795174789e-02, -5.0149488629604433e-01,
       -5.9302341272624970e+00, 2.7717210450863636e+01,
       -1.8425314885863500e-01, -3.0867229175812905e-01,
       -2.3331520629725062e-02, 2.9296964158102140e-01,
       -6.0341853332366835e+00, 2.5030390747973094e+01,
       -2.8090076910781403e-01, -2.4700868054243103e-01,
       -3.9627600151473853e-02, -4.1951552100027584e-01,
       -5.8146340127659899e+00, 2.7368057876827120e+01,
       -4.5104131350879106e-01, -2.4556198070486820e-01,
       -4.6040072788746819e-02, -4.3585942763066082e-01,
       -5.8583831210473747e+00, 2.8170006511103814e+01,
       -6.1173879132437034e-02, -2.8844759664982977e-01,
       2.9567704031254100e-02, -4.3781634740098185e-01,
       -5.8616232703641939e+00, 2.7085489618297782e+01,
       -1.8656492137476571e-01, -2.8730079483019455e-01,
       -1.9769472208182759e-02, -3.6016504345496125e+00,
       -5.4135063633651166e+00, 2.5996086896306664e+01,
       -1.7858938143910585e-01, -2.7956429052489418e-01,
       6.2574007897418273e-03, -6.6300664993490148e+00,
       -5.4731428016981951e+00, 2.4796204200139716e+01,
       -2.0656295909892006e-01, -6.1290536969910471e-02,
       -2.8278161518453495e-02, -7.7579616889657599e+00,
       -5.0495854211052329e+00, 2.5693994713542644e+01,
       -1.8277337918564332e-01, -2.9015863248276086e-01,
       -2.5519516650186654e-02, -7.3999852607181769e+00,
       -5.1409417538420943e+00, 2.4405233876775434e+01,
       -1.4843372471267713e-01, -4.9447463412175557e-01,
       2.2201331970403703e-02, -6.7300454144608706e+00,
       -5.3932969185920454e+00, 2.3388734762228154e+01,
       -1.9023302415854637e-01, -3.3844836557919744e-01,
       -1.7603876484859636e-02, -7.3134512463695724e+00,
       -5.0009454685431285e+00, 2.4472067730562582e+01,
       -2.5973235851230869e-01, -6.7456503758116335e-02,
       -3.8022941887857251e-02, -7.6755300327966181e+00,
       -4.7485195748713505e+00, 2.6050521302091951e+01,
       -4.4218418153545397e-01, -2.1836753929117489e-01,
       -3.2122822983490992e-02, -7.3035377434009803e+00,
       -4.9231447497218337e+00, 2.5666818561454654e+01,
       1.4043825516320496e-01, -2.4793232508706850e-01,
       5.9811081959641146e-02, -6.3284675072986900e+00,
       -5.0512002530566544e+00, 2.2402538484916345e+01,
       -5.2256521780393250e-02, -2.5996415746490775e-01,
       2.8614332770353874e-02, -6.7916485227274652e+00,
       -4.9235417388367582e+00, 2.4023406032397997e+01,
       -3.1873127008133018e-01, -2.5777118145804750e-01,
       -4.4881692906963491e-03, -7.0208079572319759e+00,
       -5.0603490093320858e+00, 2.4953697908238411e+01,
       2.4176729396110697e-02, -2.4630940965531650e-01,
       5.6397612154204961e-02, -6.4893395009889909e+00,
       -4.9685514641772528e+00, 2.3149955553864245e+01,
       -9.5704633447189075e-02, -2.9138019877138638e-01,
       -2.8637327324172485e-02, -6.8906418414125072e+00,
       -2.4016184240759277e+00, 2.3410288595419125e+01,
       -1.2595812053760180e-01, -3.1887645538200088e-01,
       -1.4038741938361885e-03, -6.6341283783673664e+00,
       -3.5540451039264420e-01, 2.3245971741806702e+01,
       -1.7541709110412487e-01, -2.9377093057286163e-01,
       -4.5783760726518075e-02, -7.4097645709029178e+00,
       -6.6594253416018756e-01, 2.3309700855322451e+01,
       -2.0077050378282621e-01, -3.8209395810214275e-01,
       -4.4030243373115889e-02, -7.1575117572210276e+00,
       -1.0524976429477406e+00, 2.3045426954611948e+01,
       -2.1564413903352508e-01, -1.6862844122340478e-01,
       -1.1861300488346242e-01, -8.2029240498939195e+00,
       -3.1381172685362352e-01, 2.4424434386015026e+01,
       -2.1145812886235241e-01, -2.4068791766751438e-01,
       2.8626248715141599e-02, -6.4661317840402752e+00,
       -1.0064449865993588e+00, 2.4650456353439150e+01,
       -2.9379590623563456e-01, 6.9605350072410185e-02,
       -2.9478353516589395e-02, -6.8133023780762931e+00,
       -3.2934612442055367e-01, 2.6254236009584908e+01,
       -1.9207875023472021e-01, -3.7702548976028299e-01,
       5.6138640677358765e-03, -6.5027200145662052e+00,
       -9.0769363268312275e-01, 2.3967554228684225e+01,
       -2.8152421772527914e-01, -2.2914834623977304e-01,
       -2.1783056982918294e-02, -6.6984715197822462e+00,
       -7.9340935942351953e-01, 2.4432044396072524e+01,
       -5.3726568116483180e-02, -2.6200065833678698e-01,
       2.5853742272928457e-02, -6.6420682194288556e+00,
       -9.4336159579189793e-01, 2.3983862969411884e+01,
       3.4273121269869171e-03, -2.9450201186779879e-01,
       3.2341692390695752e-02, -5.8773283967790722e+00,
       -8.1821168070515671e-01, 2.2415764071939723e+01,
       -3.7625348236852368e-01, -2.5956147124117435e-01,
       -6.7124772352904066e-02, -7.2316398295211011e+00,
       -1.7088622831610914e-01, 2.4208307799885620e+01,
       7.6932103683577502e-02, -4.3751560825854247e-01,
       2.7998269247344641e-02, -6.1479315792527220e+00,
       -4.9401089292884737e-01, 2.1539522219295300e+01,
       -1.7628861133573206e-01, -2.4001588830420595e-01,
       1.3626892703309173e-02, -6.3039495490839421e+00,
       -5.3248342116960756e-01, 2.4248560491443317e+01,
