%YAML:1.0
---
calibration_time: "do 17 aug 2017 19:25:25 CEST"
nframes: 70
image_width: 640
image_height: 480
board_width: 10
board_height: 8
square_size: 1.
aspectRatio: 1.
flags: 2
camera_matrix: !!opencv-matrix
   rows: 3
   cols: 3
   dt: d
   data: [ 7.9639069553031857e+02, 0., 2.8531372173878032e+02, 0.,
       7.9639069553031857e+02, 2.5811828754000391e+02, 0., 0., 1. ]
distortion_coefficients: !!opencv-matrix
   rows: 5
   cols: 1
   dt: d
   data: [ -3.4845158132221205e-01, 2.1320608399528407e-01,
       -1.1887985212357352e-03, 1.9055809638111332e-03,
       -6.3375729404700987e-01 ]
avg_reprojection_error: 2.6887495211077028e-01
per_view_reprojection_errors: !!opencv-matrix
   rows: 70
   cols: 1
   dt: f
   data: [ 1.50306717e-01, 1.64810324e+00, 1.91172928e-01,
       1.62538603e-01, 2.05253005e-01, 2.43067339e-01, 2.01638952e-01,
       2.29534969e-01, 1.92479387e-01, 2.62436092e-01, 1.76325440e-01,
       2.08016008e-01, 2.04150170e-01, 1.83350623e-01, 1.54090002e-01,
       1.69922248e-01, 2.53133476e-01, 1.92215338e-01, 2.25570574e-01,
       1.74189031e-01, 1.82264745e-01, 1.77433625e-01, 1.94495425e-01,
       1.68563753e-01, 1.76956102e-01, 1.88301072e-01, 1.83582515e-01,
       1.67875156e-01, 1.97409436e-01, 2.33098909e-01, 1.83331594e-01,
       1.81759641e-01, 1.63882941e-01, 2.13744998e-01, 1.71382263e-01,
       1.69036686e-01, 1.74894467e-01, 1.61123782e-01, 1.83269396e-01,
       1.86453849e-01, 1.83988720e-01, 1.66926146e-01, 1.80119172e-01,
       1.74261957e-01, 1.75339207e-01, 1.48197323e-01, 1.83299780e-01,
       1.79170802e-01, 1.44750789e-01, 1.12418532e-01, 1.14392981e-01,
       1.17540188e-01, 1.27175063e-01, 1.74819529e-01, 1.14285521e-01,
       1.88327521e-01, 2.15631679e-01, 2.19712898e-01, 2.81627923e-01,
       2.29917899e-01, 2.14975208e-01, 2.20265701e-01, 2.10101113e-01,
       1.50717929e-01, 1.15052924e-01, 1.31262913e-01, 1.39845058e-01,
       1.41386777e-01, 1.34600326e-01, 1.53166696e-01 ]
extrinsic_parameters: !!opencv-matrix
   rows: 70
   cols: 6
   dt: d
   data: [ 2.0984142377825243e-01, -5.8637934805846250e-03,
       2.0214313224815511e-01, -5.8188028526280089e+00,
       -1.1342001012159233e+01, 3.8970570260133186e+01,
       -1.1840525929526573e-01, 4.3186879203727269e-01,
       2.0259905971838740e-01, -6.6173671700922814e+00,
       -1.0049537438939348e+01, 3.6741083498922528e+01,
       8.5382102868400034e-02, 1.9779639353301143e-01,
       1.1620571895956557e-01, -4.1850190298338195e+00,
       -8.9796655543914685e+00, 2.7278162264384772e+01,
       7.9889408843316023e-02, 1.3748681999160667e-01,
       1.8508357021139721e-01, -5.9435709900843916e+00,
       -8.4332419058131975e+00, 2.7629128064424766e+01,
       5.2395351801402416e-02, 2.0949237285275121e-01,
       1.1236099743715981e-01, -4.6656007289117767e+00,
       -5.6662113510871510e+00, 2.7957155350993421e+01,
       5.6041374122521630e-02, 2.2082117135180640e-01,
       6.1478778053999907e-02, -6.9260332702773875e+00,
       -6.8395270141483744e+00, 2.8191412036409016e+01,
       -7.1643026246276066e-03, 9.8366463043643257e-02,
       2.7151339106767920e-03, -7.4211762048386944e+00,
       -6.5866425250776395e+00, 2.7779028692143211e+01,
       1.7708570713558958e-01, 2.4535273807329383e-01,
       3.1439128421153539e-02, -7.3263370053497212e+00,
       -6.6842841751207747e+00, 2.7699021422448173e+01,
       9.7239554589377247e-02, 1.8500028641926916e-01,
       5.2152709321035745e-02, -7.4511436160547815e+00,
       -6.9611214506767798e+00, 2.7649454767399011e+01,
       9.4884375898648496e-02, 2.5410323651114985e-01,
       -4.0688053607412261e-02, -8.0961445562271734e+00,
       -6.3201924598375205e+00, 2.7789344614183776e+01,
       1.1816718049937441e-01, 1.8008014219477320e-01,
       2.6986227254023411e-02, -7.5314339002609438e+00,
       -5.2514307238654032e+00, 2.7308392612033487e+01,
       1.0493175683344150e-01, 1.9763217345859596e-01,
       5.9742448677122931e-02, -7.9115943650771179e+00,
       -2.6957266254183403e+00, 2.8543032087856204e+01,
       1.1363967729511196e-01, 2.0528572356850025e-01,
       6.8891614273331778e-02, -7.0248670004553500e+00,
       -1.8959029915506809e+00, 2.8240319598722287e+01,
       1.1037487055147160e-01, 2.1236760956996437e-01,
       2.4658829033548053e-02, -7.4248313443205189e+00,
       -1.6309106060033138e+00, 2.8514767558909643e+01,
       6.9611778671267499e-02, 1.3547291881167367e-01,
       -2.1369025058887815e-02, -7.7813089177588113e+00,
       -1.1345396471212803e+00, 2.8530582345008192e+01,
       1.2173040444139480e-01, 1.9278784883354649e-01,
       -1.5577189468434848e-02, -7.8789226328923156e+00,
       -1.2627475912781994e+00, 2.8528357436960551e+01,
       2.2428509969350430e-01, 1.8327020692447191e-01,
       4.9062184741272864e-03, -7.7127324788756662e+00,
       -1.5987954365008077e+00, 2.8337221854264435e+01,
       1.5098325693307679e-01, 1.6893417817852785e-01,
       2.2185154407121661e-02, -7.8201728257904426e+00,
       -1.9198843543857824e+00, 2.8216281354374139e+01,
       -1.8202209095256525e-01, -4.3690114985902251e-02,
       6.8868643940542582e-02, -7.9244684237029182e+00,
       -1.8322654132228240e+00, 2.7840339889753011e+01,
       -2.1471234423184025e-02, 9.1140609245128137e-02,
       5.1876491635465774e-02, -7.7631061601396487e+00,
       -1.8230385560764486e+00, 2.7939536102488084e+01,
       -1.9778543955860831e-02, 7.7724710956102838e-02,
       4.3178915014620983e-02, -7.8081116420617986e+00,
       -1.8051275928475410e+00, 2.7886080749643099e+01,
       9.5123257725161184e-02, 1.9775498039946468e-01,
       3.4473702071600082e-02, -6.8826479918071053e+00,
       -1.6916429074926125e+00, 2.7937179570192924e+01,
       1.2556450812647274e-01, 2.5391572935212336e-01,
       9.8924142176922761e-02, -2.8981267680281264e+00,
       -1.5923734269662910e+00, 2.6710586585671763e+01,
       4.4006019833124910e-02, 2.3286550556398325e-01,
       8.9038428549266538e-02, -1.8737773114897689e+00,
       -2.3935891239342832e+00, 2.6373130629868019e+01,
       3.7399744473077131e-03, 1.9620200553355091e-01,
       1.2390469213995475e-01, -1.0471310833129102e+00,
       -2.8007455550783651e+00, 2.6383378273338590e+01,
       1.0335386861194353e-01, 3.4831337203083157e-01,
       1.4720667090056064e-01, -8.0916224143249071e-01,
       -2.9756295550839056e+00, 2.6313010713028437e+01,
       1.0873298791621057e-02, 1.1909003001005421e-01,
       1.0304503881968652e-01, -1.4474393811403614e+00,
       -2.5509229095889228e+00, 2.5829804885882677e+01,
       4.5386444047313637e-02, 1.5618141421991066e-01,
       -2.3575135180481373e-03, -2.0637486039691897e+00,
       -1.7758542680430232e+00, 2.5524467358030755e+01,
       4.9607694963168622e-02, 1.2576985396617063e-01,
       3.4392527167591773e-02, -1.9715523315720083e+00,
       -2.0075575852883887e+00, 2.5194664777948908e+01,
       -3.1871224806045977e-02, 5.5111068607201302e-02,
       7.8882410933471384e-02, -1.9069327798611513e+00,
       -2.3241550897972867e+00, 2.4821712622317154e+01,
       1.5005088550024129e-01, 1.9497628032258058e-01,
       8.1303949934699832e-02, -1.8703741233950386e+00,
       -2.4781800783651886e+00, 2.5268977927335584e+01,
       1.4053896150972323e-01, 2.3943095097867687e-01,
       9.5382253377589196e-02, -1.6420339577752561e+00,
       -4.6573290724633063e+00, 2.5098130805756234e+01,
       1.0437244850005487e-01, 2.6100812820234870e-01,
       1.0187193572588610e-01, -9.2627059656909605e-01,
       -6.3066286713230628e+00, 2.5123593059649252e+01,
       -4.6262912690619253e-02, 1.0365349443880593e-01,
       1.2091069360987586e-01, -1.1775651347237654e+00,
       -6.2534372995077456e+00, 2.4909060419095027e+01,
       1.0738963632961482e-01, 2.4379679319947500e-01,
       4.7464998388479854e-02, -1.3183676116657077e+00,
       -5.8850022747920994e+00, 2.5061005814753276e+01,
       1.4215249552548095e-01, 2.7509111463535096e-01,
